# Calculated strategy ranks for coastal seal and harbour porpoise bycatch estimators. 
# Ranks are based on the products of the estimator CV and the simulated total effort.
# Higher ranks are better. See main text in original paper for further explanation.

Strat;Strategy;k;Simulated total effort (hauls);Seal bycatch CV;Seal bycatch CV x effort;Seal bycatch rank;Porpoise bycatch CV;Porpoise bycatch CV x effort;Porpoise bycatch Rank
101;strat1;sim21;0.05;2207;0.26;564;396;0.19;416;216
102;strat1;sim22;0.05;2465;0.23;565;395;0.19;458;146
103;strat1;sim23;0.05;3796;0.36;1354;51;0.15;555;84
104;strat1;sim24;0.05;4311;0.28;1196;65;0.13;559;82
105;strat1;sim25;0.05;2112;0.39;830;167;0.2;418;214
106;strat1;sim26;0.05;2270;0.38;867;144;0.2;461;140
107;strat1;sim27;0.05;2061;0.39;796;193;0.21;434;176
108;strat1;sim28;0.05;2073;0.39;808;184;0.2;419;209
109;strat1;sim29;0.05;2081;0.39;819;175;0.2;410;240
110;strat1;sim30;0.05;2760;0.41;1119;73;0.17;461;143
111;strat2;sim21;0.05;2146;0.3;644;374;0.19;413;230
112;strat2;sim22;0.05;2280;0.27;618;383;0.19;425;191
113;strat2;sim23;0.05;3705;0.28;1042;85;0.13;477;122
114;strat2;sim24;0.05;4194;0.28;1182;66;0.13;533;92
115;strat2;sim25;0.05;2126;0.32;688;294;0.2;423;197
116;strat2;sim26;0.05;2242;0.33;729;248;0.2;455;152
117;strat2;sim27;0.05;2068;0.32;669;337;0.2;411;234
118;strat2;sim28;0.05;2086;0.33;684;305;0.2;418;211
119;strat2;sim29;0.05;2425;0.32;780;214;0.17;407;247
120;strat2;sim30;0.05;3340;0.27;904;123;0.14;472;127
121;strat3;sim21;0.05;2285;0.24;556;398;0.16;376;316
122;strat3;sim22;0.05;2535;0.23;576;394;0.16;403;257
123;strat3;sim23;0.05;3252;0.31;1014;90;0.14;461;142
124;strat3;sim24;0.05;3798;0.31;1177;67;0.12;466;132
125;strat3;sim25;0.05;2195;0.41;904;121;0.22;476;123
126;strat3;sim26;0.05;2349;0.41;963;105;0.2;469;130
127;strat3;sim27;0.05;2116;0.41;862;148;0.22;456;149
128;strat3;sim28;0.05;2210;0.4;892;127;0.21;462;139
129;strat3;sim29;0.05;2445;0.27;660;356;0.15;369;344
130;strat3;sim30;0.05;3064;0.23;715;259;0.14;433;179
131;strat4;sim21;0.05;2182;0.32;689;293;0.18;388;287
132;strat4;sim22;0.05;2272;0.31;695;285;0.17;394;277
133;strat4;sim23;0.05;3489;0.34;1200;64;0.15;514;101
134;strat4;sim24;0.05;4028;0.33;1319;52;0.14;562;81
135;strat4;sim25;0.05;2168;0.39;836;163;0.19;420;204
136;strat4;sim26;0.05;2227;0.38;853;153;0.18;395;275
137;strat4;sim27;0.05;2075;0.38;798;189;0.18;376;317
138;strat4;sim28;0.05;2096;0.37;776;219;0.19;401;262
139;strat4;sim29;0.05;2370;0.38;909;117;0.18;428;185
140;strat4;sim30;0.05;2979;0.26;762;227;0.16;475;124
141;strat5;sim21;0.05;2150;0.31;670;335;0.18;393;278
142;strat5;sim22;0.05;2284;0.29;666;346;0.18;413;226
143;strat5;sim23;0.05;3025;0.28;855;151;0.16;470;129
144;strat5;sim24;0.05;3650;0.28;1038;86;0.13;473;125
145;strat5;sim25;0.05;2197;0.32;708;266;0.18;396;272
146;strat5;sim26;0.05;2304;0.33;754;231;0.18;418;212
147;strat5;sim27;0.05;2103;0.31;659;359;0.18;382;300
148;strat5;sim28;0.05;2220;0.33;722;252;0.18;408;243
149;strat5;sim29;0.05;2469;0.28;702;277;0.16;401;263
150;strat5;sim30;0.05;3154;0.24;760;229;0.13;424;194
151;strat6;sim1;0.05;5258;0.19;976;101;0.1;502;105
152;strat6;sim2;0.05;4305;0.26;1128;71;0.12;535;90
153;strat6;sim3;0.05;3020;0.29;868;141;0.16;483;117
154;strat6;sim4;0.05;2370;0.3;707;270;0.17;406;248
155;strat6;sim5;0.05;3671;0.26;968;104;0.12;445;157
156;strat6;sim6;0.05;3974;0.21;846;156;0.1;414;224
157;strat6;sim7;0.05;2300;0.3;681;311;0.17;396;271
158;strat6;sim8;0.05;3583;0.27;956;109;0.12;441;168
159;strat6;sim9;0.05;3360;0.24;809;183;0.13;442;165
160;strat6;sim10;0.05;2722;0.32;864;145;0.16;427;186
161;strat6;sim11;0.05;2795;0.3;839;161;0.17;484;115
162;strat6;sim12;0.05;2581;0.31;795;199;0.17;450;153
163;strat6;sim13;0.05;2108;0.32;666;345;0.17;354;382
164;strat6;sim14;0.05;2104;0.33;698;282;0.17;360;365
165;strat6;sim15;0.05;2200;0.32;702;273;0.18;396;274
166;strat6;sim16;0.05;2159;0.31;678;317;0.17;372;333
167;strat6;sim17;0.05;2946;0.27;791;206;0.14;407;245
168;strat6;sim18;0.05;2469;0.32;792;204;0.16;401;264
169;strat6;sim19;0.05;2315;0.32;742;238;0.17;388;285
170;strat6;sim20;0.05;2142;0.33;704;272;0.18;389;284
171;strat6;sim21;0.05;2104;0.33;700;278;0.17;364;358
172;strat6;sim22;0.05;2248;0.32;712;262;0.17;380;306
173;strat6;sim23;0.05;3295;0.27;882;133;0.13;422;200
174;strat6;sim24;0.05;3782;0.27;1003;94;0.12;462;136
175;strat6;sim25;0.05;2186;0.33;715;257;0.17;378;309
176;strat6;sim26;0.05;2246;0.33;745;234;0.17;392;279
177;strat6;sim27;0.05;2074;0.32;669;339;0.18;365;356
178;strat6;sim28;0.05;2093;0.33;686;302;0.17;362;360
179;strat6;sim29;0.05;3295;0.27;903;124;0.13;425;193
180;strat6;sim30;0.05;3585;0.24;877;135;0.12;439;169
181;strat7;sim21;0.05;2204;0.33;719;255;0.17;369;343
182;strat7;sim22;0.05;2412;0.28;674;328;0.16;391;280
183;strat7;sim23;0.05;2588;0.31;797;191;0.16;424;196
184;strat7;sim24;0.05;3343;0.27;917;116;0.15;495;107
185;strat7;sim25;0.05;2112;0.31;648;373;0.17;369;339
186;strat7;sim26;0.05;2335;0.34;796;196;0.17;404;255
187;strat7;sim27;0.05;2109;0.32;668;342;0.18;370;338
188;strat7;sim28;0.05;2216;0.31;682;310;0.16;358;372
189;strat7;sim29;0.05;2201;0.31;692;289;0.15;338;397
190;strat7;sim30;0.05;2723;0.29;786;211;0.15;409;241
191;strat8;sim21;0.05;2202;0.3;651;369;0.16;342;392
192;strat8;sim22;0.05;2202;0.28;613;387;0.16;361;364
193;strat8;sim23;0.05;3021;0.27;817;177;0.15;443;160
194;strat8;sim24;0.05;3021;0.28;840;159;0.14;433;178
195;strat8;sim25;0.05;2258;0.3;677;323;0.16;369;340
196;strat8;sim26;0.05;2258;0.29;660;358;0.16;372;332
197;strat8;sim27;0.05;2202;0.29;643;375;0.17;365;355
198;strat8;sim28;0.05;2202;0.28;626;380;0.16;357;378
199;strat8;sim29;0.05;3021;0.26;800;187;0.14;434;174
200;strat8;sim30;0.05;3021;0.26;795;198;0.14;434;175
201;strat1;sim21;0.1;2353;0.23;546;400;0.19;455;151
202;strat1;sim22;0.1;2869;0.19;549;399;0.18;514;102
203;strat1;sim23;0.1;5532;0.35;1955;20;0.14;780;37
204;strat1;sim24;0.1;6563;0.26;1674;35;0.12;764;38
205;strat1;sim25;0.1;2163;0.39;852;154;0.2;432;182
206;strat1;sim26;0.1;2480;0.37;927;114;0.2;490;111
207;strat1;sim27;0.1;2063;0.39;797;190;0.2;410;238
208;strat1;sim28;0.1;2086;0.38;791;205;0.2;411;235
209;strat1;sim29;0.1;2102;0.4;831;166;0.21;438;170
210;strat1;sim30;0.1;3461;0.37;1290;54;0.18;607;59
211;strat2;sim21;0.1;2226;0.3;665;349;0.19;419;206
212;strat2;sim22;0.1;2494;0.25;636;378;0.18;450;154
213;strat2;sim23;0.1;5344;0.27;1437;45;0.12;627;55
214;strat2;sim24;0.1;6321;0.27;1693;34;0.11;717;42
215;strat2;sim25;0.1;2185;0.34;734;245;0.19;422;198
216;strat2;sim26;0.1;2418;0.32;768;222;0.2;472;126
217;strat2;sim27;0.1;2070;0.33;677;321;0.2;414;222
218;strat2;sim28;0.1;2106;0.32;664;352;0.2;414;225
219;strat2;sim29;0.1;2785;0.32;886;129;0.16;443;159
220;strat2;sim30;0.1;4614;0.27;1231;60;0.12;570;77
221;strat3;sim21;0.1;2504;0.22;560;397;0.16;396;273
222;strat3;sim22;0.1;3003;0.21;629;379;0.15;448;155
223;strat3;sim23;0.1;4437;0.33;1463;43;0.14;613;57
224;strat3;sim24;0.1;5530;0.3;1665;36;0.12;657;49
225;strat3;sim25;0.1;2324;0.41;962;106;0.21;495;108
226;strat3;sim26;0.1;2632;0.42;1098;75;0.21;540;89
227;strat3;sim27;0.1;2167;0.43;941;111;0.21;457;148
228;strat3;sim28;0.1;2353;0.41;961;107;0.21;483;118
229;strat3;sim29;0.1;2823;0.25;717;256;0.15;437;171
230;strat3;sim30;0.1;4062;0.22;904;122;0.13;530;93
231;strat4;sim21;0.1;2294;0.3;695;283;0.17;399;268
232;strat4;sim22;0.1;2476;0.29;711;264;0.17;422;202
233;strat4;sim23;0.1;4909;0.35;1733;30;0.15;715;43
234;strat4;sim24;0.1;5988;0.32;1905;21;0.13;784;36
235;strat4;sim25;0.1;2268;0.38;864;146;0.18;419;208
236;strat4;sim26;0.1;2385;0.38;903;125;0.19;443;162
237;strat4;sim27;0.1;2081;0.4;838;162;0.18;381;302
238;strat4;sim28;0.1;2124;0.37;792;203;0.19;400;265
239;strat4;sim29;0.1;2671;0.37;994;98;0.17;464;134
240;strat4;sim30;0.1;3889;0.24;939;112;0.15;583;71
241;strat5;sim21;0.1;2233;0.3;679;315;0.18;405;252
242;strat5;sim22;0.1;2501;0.28;702;275;0.18;443;161
243;strat5;sim23;0.1;3984;0.28;1120;72;0.14;574;76
244;strat5;sim24;0.1;5234;0.28;1464;42;0.13;668;46
245;strat5;sim25;0.1;2328;0.33;762;226;0.18;415;221
246;strat5;sim26;0.1;2541;0.32;812;180;0.18;460;144
247;strat5;sim27;0.1;2138;0.31;659;361;0.18;374;323
248;strat5;sim28;0.1;2372;0.31;735;242;0.18;422;201
249;strat5;sim29;0.1;2872;0.28;815;178;0.15;442;166
250;strat5;sim30;0.1;4242;0.23;974;103;0.12;521;97
251;strat6;sim1;0.1;8450;0.15;1247;58;0.07;611;58
252;strat6;sim2;0.1;6544;0.25;1660;37;0.11;730;41
253;strat6;sim3;0.1;3973;0.26;1052;84;0.15;605;60
254;strat6;sim4;0.1;2672;0.28;748;232;0.17;442;163
255;strat6;sim5;0.1;5276;0.24;1266;56;0.11;564;79
256;strat6;sim6;0.1;5881;0.17;995;97;0.09;533;91
257;strat6;sim7;0.1;2532;0.29;744;237;0.17;425;192
258;strat6;sim8;0.1;5099;0.27;1381;49;0.12;601;63
259;strat6;sim9;0.1;4654;0.23;1061;83;0.12;568;78
260;strat6;sim10;0.1;3378;0.31;1062;82;0.15;517;98
261;strat6;sim11;0.1;3523;0.3;1066;81;0.17;598;64
262;strat6;sim12;0.1;3096;0.32;996;96;0.17;526;95
263;strat6;sim13;0.1;2150;0.32;678;320;0.18;384;297
264;strat6;sim14;0.1;2140;0.33;702;276;0.17;362;361
265;strat6;sim15;0.1;2332;0.31;732;246;0.18;410;237
266;strat6;sim16;0.1;2251;0.31;695;286;0.17;384;296
267;strat6;sim17;0.1;3825;0.26;1010;92;0.13;505;104
268;strat6;sim18;0.1;2871;0.32;932;113;0.16;458;145
269;strat6;sim19;0.1;2562;0.32;819;176;0.17;427;187
270;strat6;sim20;0.1;2218;0.32;720;254;0.17;384;298
271;strat6;sim21;0.1;2140;0.32;688;296;0.18;375;322
272;strat6;sim22;0.1;2429;0.31;745;236;0.17;405;254
273;strat6;sim23;0.1;4522;0.27;1212;63;0.12;544;88
274;strat6;sim24;0.1;5498;0.25;1355;50;0.12;638;53
275;strat6;sim25;0.1;2306;0.33;760;230;0.17;395;276
276;strat6;sim26;0.1;2425;0.32;779;216;0.18;426;189
277;strat6;sim27;0.1;2080;0.32;673;330;0.18;365;351
278;strat6;sim28;0.1;2120;0.34;715;258;0.17;369;342
279;strat6;sim29;0.1;4522;0.27;1230;62;0.12;557;83
280;strat6;sim30;0.1;5104;0.23;1158;69;0.12;589;66
281;strat7;sim21;0.1;2339;0.32;739;239;0.16;374;328
282;strat7;sim22;0.1;2755;0.28;767;223;0.17;456;150
283;strat7;sim23;0.1;3108;0.32;985;99;0.16;509;103
284;strat7;sim24;0.1;4617;0.27;1270;55;0.14;642;51
285;strat7;sim25;0.1;2156;0.33;702;274;0.17;376;318
286;strat7;sim26;0.1;2602;0.31;819;174;0.17;446;156
287;strat7;sim27;0.1;2150;0.32;690;290;0.18;377;312
288;strat7;sim28;0.1;2365;0.32;745;235;0.17;402;260
289;strat7;sim29;0.1;2333;0.32;738;240;0.16;367;347
290;strat7;sim30;0.1;3379;0.29;974;102;0.14;461;141
291;strat8;sim21;0.1;2337;0.28;662;353;0.15;354;383
292;strat8;sim22;0.1;2337;0.29;688;297;0.16;376;314
293;strat8;sim23;0.1;3976;0.27;1076;79;0.14;548;86
294;strat8;sim24;0.1;3976;0.27;1078;77;0.15;587;67
295;strat8;sim25;0.1;2450;0.3;732;247;0.16;390;281
296;strat8;sim26;0.1;2450;0.29;721;253;0.16;398;270
297;strat8;sim27;0.1;2337;0.3;708;269;0.16;368;346
298;strat8;sim28;0.1;2337;0.28;659;362;0.16;362;359
299;strat8;sim29;0.1;3976;0.26;1024;87;0.15;584;70
300;strat8;sim30;0.1;3976;0.26;1018;88;0.14;546;87
301;strat1;sim21;0.25;2793;0.21;584;393;0.18;516;99
302;strat1;sim22;0.25;4083;0.18;734;244;0.19;763;39
303;strat1;sim23;0.25;10741;0.35;3742;1;0.13;1433;3
304;strat1;sim24;0.25;13317;0.25;3376;4;0.11;1445;2
305;strat1;sim25;0.25;2318;0.38;883;130;0.2;462;137
306;strat1;sim26;0.25;3110;0.4;1230;61;0.2;632;54
307;strat1;sim27;0.25;2066;0.37;766;224;0.2;411;236
308;strat1;sim28;0.25;2124;0.39;826;171;0.2;419;207
309;strat1;sim29;0.25;2165;0.39;853;152;0.2;433;180
310;strat1;sim30;0.25;5562;0.38;2135;16;0.18;978;20
311;strat2;sim21;0.25;2465;0.28;700;279;0.19;470;128
312;strat2;sim22;0.25;3136;0.24;747;233;0.18;563;80
313;strat2;sim23;0.25;10262;0.27;2732;8;0.11;1150;10
314;strat2;sim24;0.25;12704;0.27;3391;3;0.11;1396;4
315;strat2;sim25;0.25;2364;0.33;791;207;0.2;462;138
316;strat2;sim26;0.25;2947;0.32;956;108;0.2;585;69
317;strat2;sim27;0.25;2077;0.33;678;318;0.2;420;205
318;strat2;sim28;0.25;2166;0.33;708;267;0.2;422;199
319;strat2;sim29;0.25;3863;0.32;1239;59;0.17;662;48
320;strat2;sim30;0.25;8437;0.25;2089;18;0.12;1041;14
321;strat3;sim21;0.25;3161;0.21;671;332;0.16;491;110
322;strat3;sim22;0.25;4409;0.19;820;173;0.15;666;47
323;strat3;sim23;0.25;7994;0.32;2558;11;0.13;1011;18
324;strat3;sim24;0.25;10726;0.29;3082;7;0.11;1188;8
325;strat3;sim25;0.25;2711;0.41;1117;74;0.22;595;65
326;strat3;sim26;0.25;3481;0.41;1419;47;0.2;712;44
327;strat3;sim27;0.25;2318;0.42;978;100;0.21;482;119
328;strat3;sim28;0.25;2784;0.42;1170;68;0.21;580;74
329;strat3;sim29;0.25;3959;0.25;1008;93;0.15;583;72
330;strat3;sim30;0.25;7056;0.21;1490;41;0.13;913;31
331;strat4;sim21;0.25;2632;0.29;761;228;0.17;458;147
332;strat4;sim22;0.25;3086;0.29;898;126;0.17;527;94
333;strat4;sim23;0.25;9169;0.35;3184;5;0.14;1253;7
334;strat4;sim24;0.25;11866;0.3;3595;2;0.12;1474;1
335;strat4;sim25;0.25;2566;0.39;1002;95;0.18;465;133
336;strat4;sim26;0.25;2859;0.4;1146;70;0.18;516;100
337;strat4;sim27;0.25;2099;0.41;870;139;0.18;374;326
338;strat4;sim28;0.25;2206;0.38;835;164;0.18;406;251
339;strat4;sim29;0.25;3574;0.37;1319;53;0.18;643;50
340;strat4;sim30;0.25;6618;0.23;1514;40;0.15;1005;19
341;strat5;sim21;0.25;2482;0.31;780;215;0.18;442;164
342;strat5;sim22;0.25;3152;0.29;909;118;0.18;552;85
343;strat5;sim23;0.25;6858;0.27;1882;22;0.15;1017;17
344;strat5;sim24;0.25;9984;0.27;2696;9;0.13;1274;6
345;strat5;sim25;0.25;2718;0.33;892;128;0.18;477;121
346;strat5;sim26;0.25;3251;0.31;1016;89;0.18;601;61
347;strat5;sim27;0.25;2246;0.32;729;249;0.18;415;219
348;strat5;sim28;0.25;2831;0.3;841;158;0.17;486;112
349;strat5;sim29;0.25;4079;0.27;1086;76;0.15;625;56
350;strat5;sim30;0.25;7504;0.23;1753;27;0.12;926;30
351;strat6;sim1;0.25;18024;0.1;1860;24;0.05;949;27
352;strat6;sim2;0.25;13259;0.24;3162;6;0.1;1344;5
353;strat6;sim3;0.25;6832;0.25;1737;29;0.15;1030;15
354;strat6;sim4;0.25;3580;0.26;944;110;0.16;583;73
355;strat6;sim5;0.25;10089;0.24;2417;13;0.1;967;23
356;strat6;sim6;0.25;11602;0.14;1660;38;0.08;875;32
357;strat6;sim7;0.25;3230;0.27;872;138;0.16;521;96
358;strat6;sim8;0.25;9646;0.26;2469;12;0.11;1064;13
359;strat6;sim9;0.25;8533;0.22;1874;23;0.13;1077;12
360;strat6;sim10;0.25;5344;0.3;1613;39;0.15;797;35
361;strat6;sim11;0.25;5708;0.3;1706;32;0.17;955;26
362;strat6;sim12;0.25;4639;0.3;1395;48;0.18;814;34
363;strat6;sim13;0.25;2273;0.3;683;306;0.17;388;288
364;strat6;sim14;0.25;2250;0.33;736;241;0.17;383;299
365;strat6;sim15;0.25;2730;0.32;868;143;0.18;485;114
366;strat6;sim16;0.25;2528;0.3;764;225;0.17;441;167
367;strat6;sim17;0.25;6463;0.26;1700;33;0.13;829;33
368;strat6;sim18;0.25;4078;0.31;1261;57;0.16;640;52
369;strat6;sim19;0.25;3305;0.33;1075;80;0.18;586;68
370;strat6;sim20;0.25;2444;0.32;771;221;0.17;427;188
371;strat6;sim21;0.25;2250;0.32;709;265;0.17;387;289
372;strat6;sim22;0.25;2972;0.29;864;147;0.16;481;120
373;strat6;sim23;0.25;8206;0.26;2101;17;0.11;941;28
374;strat6;sim24;0.25;10644;0.25;2637;10;0.11;1130;11
375;strat6;sim25;0.25;2664;0.33;880;134;0.18;468;131
376;strat6;sim26;0.25;2961;0.31;926;115;0.17;501;106
377;strat6;sim27;0.25;2100;0.34;712;260;0.17;365;350
378;strat6;sim28;0.25;2198;0.33;734;243;0.18;388;286
379;strat6;sim29;0.25;8206;0.25;2074;19;0.12;975;21
380;strat6;sim30;0.25;9659;0.23;2197;15;0.11;1023;16
381;strat7;sim21;0.25;2746;0.3;829;169;0.17;463;135
382;strat7;sim22;0.25;3786;0.27;1011;91;0.15;577;75
383;strat7;sim23;0.25;4667;0.31;1425;46;0.16;752;40
384;strat7;sim24;0.25;8441;0.28;2372;14;0.14;1157;9
385;strat7;sim25;0.25;2287;0.31;712;261;0.17;399;267
386;strat7;sim26;0.25;3402;0.32;1077;78;0.18;601;62
387;strat7;sim27;0.25;2273;0.32;725;250;0.17;385;295
388;strat7;sim28;0.25;2810;0.31;874;136;0.18;493;109
389;strat7;sim29;0.25;2732;0.32;868;142;0.15;418;213
390;strat7;sim30;0.25;5344;0.27;1450;44;0.13;705;45
391;strat8;sim21;0.25;2744;0.29;787;210;0.15;416;217
392;strat8;sim22;0.25;2744;0.29;793;201;0.15;413;227
393;strat8;sim23;0.25;6840;0.26;1807;25;0.14;974;22
394;strat8;sim24;0.25;6840;0.26;1788;26;0.14;958;25
395;strat8;sim25;0.25;3026;0.3;907;120;0.16;483;116
396;strat8;sim26;0.25;3026;0.28;859;150;0.16;485;113
397;strat8;sim27;0.25;2744;0.29;794;200;0.15;417;215
398;strat8;sim28;0.25;2744;0.28;771;220;0.16;426;190
399;strat8;sim29;0.25;6840;0.25;1731;31;0.14;926;29
400;strat8;sim30;0.25;6840;0.26;1751;28;0.14;966;24
